13
4
0 0 1 1 
1 0 1 1
1 0 0 1
1 1 1 1
3
0 1 1
1 1 1
1 1 1
5
0 0 0 1 1
1 1 1 0 1
0 1 1 1 0
0 0 1 0 0
1 1 1 1 1
5
1 1 0 1 1
0 1 1 0 1
1 0 0 0 0
1 1 0 1 1
1 1 1 1 1
4
1 1 1 1
1 1 1 1
1 1 1 1
1 1 1 1
30
0 0 0 0 1 0 0 0 0 0 0 0 0 1 0 0 0 0 0 0 0 0 1 0 0 0 0 0 0 0 
1 1 0 1 1 0 1 1 0 1 1 1 0 1 0 1 1 1 1 1 1 1 1 0 1 1 1 1 1 1 
0 1 0 0 0 0 0 1 0 0 0 0 0 1 0 0 0 0 0 0 0 0 0 0 0 0 0 0 0 0 
0 1 0 0 0 0 0 1 0 0 0 0 0 1 0 0 0 0 0 0 0 0 1 0 0 1 0 0 1 0 
0 1 1 0 1 1 1 1 0 1 1 1 0 1 1 1 1 0 1 1 0 0 1 0 0 1 1 0 1 1 
0 0 0 0 1 0 0 0 0 0 0 0 0 0 0 0 1 0 0 1 0 0 1 0 0 0 0 0 0 0 
0 0 0 0 1 0 0 0 0 0 1 0 0 1 0 0 1 0 0 0 0 0 0 0 0 0 0 0 0 0 
1 1 0 0 1 0 1 1 0 1 1 0 0 1 0 0 1 0 1 1 0 0 1 1 1 1 0 0 1 1 
0 1 0 0 1 0 0 1 0 0 0 0 0 1 0 0 1 0 0 1 0 0 1 0 0 1 0 0 1 0 
0 0 0 0 1 0 0 1 0 0 0 0 0 0 0 0 1 0 0 1 0 0 1 0 0 1 0 0 1 0 
1 1 1 0 1 1 0 1 1 1 1 1 1 1 1 1 1 0 0 1 1 0 1 0 0 1 0 0 1 1 
0 0 0 0 0 0 0 0 0 0 0 0 0 0 0 0 0 0 0 0 0 0 1 0 0 1 0 0 0 0 
0 1 0 0 0 0 0 1 0 0 1 0 0 0 0 0 0 0 0 1 0 0 1 0 0 1 0 0 0 0 
1 1 0 0 1 1 0 1 0 0 1 0 1 1 0 1 1 1 0 1 0 0 1 0 0 1 1 0 1 1 
0 0 0 0 1 0 0 1 0 0 1 0 0 1 0 0 0 0 0 1 0 0 1 0 0 0 0 0 1 0 
0 0 0 0 1 0 0 1 0 0 0 0 0 0 0 0 1 0 0 0 0 0 0 0 0 0 0 0 1 0 
0 1 1 1 1 0 0 1 1 1 1 1 1 1 1 1 1 0 0 1 1 1 1 0 0 1 1 1 1 0 
0 1 0 0 0 0 0 0 0 0 0 0 0 0 0 0 0 0 0 1 0 0 1 0 0 1 0 0 0 0 
0 1 0 0 0 0 0 1 0 0 0 0 0 1 0 0 0 0 0 0 0 0 0 0 0 1 0 0 1 0 
0 1 1 0 1 1 1 1 0 1 1 0 1 1 0 0 1 1 1 1 1 0 1 1 0 1 0 1 1 0 
0 0 0 0 1 0 0 0 0 0 1 0 0 0 0 0 1 0 0 0 0 0 1 0 0 1 0 0 0 0 
0 1 0 0 0 0 0 1 0 0 1 0 0 0 0 0 1 0 0 0 0 0 1 0 0 0 0 0 0 0 
0 1 0 1 1 1 0 1 1 1 1 0 1 1 0 1 1 0 1 1 1 1 1 0 0 1 1 1 1 1 
0 1 0 0 0 0 0 0 0 0 0 0 0 1 0 0 0 0 0 0 0 0 0 0 0 1 0 0 0 0 
0 0 0 0 1 0 0 1 0 0 1 0 0 1 0 0 0 0 0 1 0 0 0 0 0 0 0 0 0 0 
0 1 1 0 1 1 0 1 1 0 1 1 0 1 0 1 1 0 1 1 0 0 1 1 0 1 1 1 1 1 
0 1 0 0 0 0 0 0 0 0 0 0 0 1 0 0 1 0 0 0 0 0 1 0 0 1 0 0 0 0 
0 1 0 0 0 0 0 0 0 0 0 0 0 1 0 0 1 0 0 1 0 0 1 0 0 1 0 0 1 0 
1 1 0 0 1 1 1 1 0 0 1 1 0 1 1 1 1 0 1 1 0 1 1 0 1 1 0 1 1 0 
0 0 0 0 1 0 0 1 0 0 1 0 0 0 0 0 0 0 0 0 0 0 0 0 0 0 0 0 0 0
4
1 0 0 1
1 1 1 1
1 1 0 1
1 1 1 1
5
0 1 1 0 0
1 1 0 0 1
1 0 0 0 1
1 1 1 1 1
1 1 1 1 1
3
1 0 1
1 1 1
0 0 1
7
1 0 0 1 0 0 1
1 0 0 1 0 0 1
1 0 0 1 0 0 1
1 0 0 1 0 0 1
1 0 0 1 0 0 1
1 0 0 1 0 0 1
1 1 1 1 1 1 1
5
0 0 0 1 1
1 1 1 0 1
0 1 1 1 0
0 0 1 0 0
1 1 1 1 1
5
1 0 1 0 1
1 0 0 0 0
0 1 0 1 1
0 0 0 1 1
1 1 0 0 0
12
1 1 1 0 1 0 1 1 1 1 0 1
0 0 1 0 1 0 1 0 0 1 0 0
0 1 1 1 0 1 0 1 0 1 1 1
0 1 0 1 0 1 0 0 1 0 1 0
0 0 0 0 1 1 0 1 0 0 0 0
1 0 0 0 0 1 1 0 0 0 1 1
1 0 1 0 0 0 1 0 0 1 1 1
0 1 0 1 1 1 1 1 1 1 1 1
1 0 1 1 0 1 0 1 1 0 0 1
0 1 1 1 0 0 0 1 0 1 0 1
0 1 0 1 1 1 1 0 0 0 1 0
1 0 0 0 0 0 1 0 1 1 1 1