9
4 5
2 4
1 0 1 0 1
1 0 1 1 1
1 1 2 1 1
1 0 1 0 1
3 3
1 2
1 1 0
1 2 1
0 1 1
3 3
1 1
1 1 1
1 2 1
0 1 1
3 3
3 3
1 1 1
1 2 1
0 1 1
4 4
2 3
0 0 1 0
0 1 1 1
1 1 2 1
1 0 1 1
3 3
1 3
0 1 1
1 2 1
1 1 1
4 5
1 3
1 0 1 0 1
1 0 1 1 1
1 1 1 2 1
1 0 0 1 1
4 5
3 5
1 0 1 0 1
1 0 1 1 1
1 1 1 2 1
1 0 0 1 1
4 5
2 4
1 0 1 0 1
1 1 1 1 1
1 1 2 1 1
1 0 1 1 1

=====================
Output:
=====================
Case #1
-1 -1         ---> Count1    Count2  (refer to output description)
Case #2
-1 -1
Case #3
6 6
Case #4
6 6
Case #5
5 5
Case #6
6 6
Case #7
7 7
Case #8
5 9
Case #9
4 6

